{
 "cells": [
  {
   "cell_type": "code",
   "execution_count": 1,
   "metadata": {},
   "outputs": [],
   "source": [
    "import numpy as np\n",
    "import pandas as pd\n",
    "import statsmodels.api as sm\n",
    "import statsmodels.formula.api as smf\n",
    "import scipy.stats as stats\n",
    "import seaborn as sns\n",
    "import matplotlib.pylab as plt\n",
    "import datetime\n",
    "%matplotlib inline\n",
    "\n",
    "from pandas.plotting import scatter_matrix\n",
    "from statsmodels.stats.outliers_influence import variance_inflation_factor\n",
    "from statsmodels.graphics.factorplots import interaction_plot\n",
    "import statsmodels.stats.diagnostic as ssd\n",
    "from statsmodels.stats.diagnostic import het_breuschpagan\n",
    "from statsmodels.stats.diagnostic import het_goldfeldquandt\n",
    "\n",
    "regression_df = pd.read_csv('data/for_regression.csv')\n",
    "#regression_df.drop('Unnamed: 0', axis = 1, inplace = True)"
   ]
  },
  {
   "cell_type": "code",
   "execution_count": 2,
   "metadata": {},
   "outputs": [
    {
     "data": {
      "text/html": [
       "<div>\n",
       "<style scoped>\n",
       "    .dataframe tbody tr th:only-of-type {\n",
       "        vertical-align: middle;\n",
       "    }\n",
       "\n",
       "    .dataframe tbody tr th {\n",
       "        vertical-align: top;\n",
       "    }\n",
       "\n",
       "    .dataframe thead th {\n",
       "        text-align: right;\n",
       "    }\n",
       "</style>\n",
       "<table border=\"1\" class=\"dataframe\">\n",
       "  <thead>\n",
       "    <tr style=\"text-align: right;\">\n",
       "      <th></th>\n",
       "      <th>star_rating</th>\n",
       "      <th>helpful_votes</th>\n",
       "      <th>total_votes</th>\n",
       "      <th>vine</th>\n",
       "      <th>verified_purchase</th>\n",
       "      <th>review_date</th>\n",
       "      <th>review_word_count</th>\n",
       "    </tr>\n",
       "  </thead>\n",
       "  <tbody>\n",
       "    <tr>\n",
       "      <th>0</th>\n",
       "      <td>4.0</td>\n",
       "      <td>3.0</td>\n",
       "      <td>4.0</td>\n",
       "      <td>0</td>\n",
       "      <td>1</td>\n",
       "      <td>2015-08-31</td>\n",
       "      <td>64</td>\n",
       "    </tr>\n",
       "    <tr>\n",
       "      <th>1</th>\n",
       "      <td>5.0</td>\n",
       "      <td>0.0</td>\n",
       "      <td>0.0</td>\n",
       "      <td>0</td>\n",
       "      <td>1</td>\n",
       "      <td>2015-08-31</td>\n",
       "      <td>3</td>\n",
       "    </tr>\n",
       "    <tr>\n",
       "      <th>2</th>\n",
       "      <td>3.0</td>\n",
       "      <td>0.0</td>\n",
       "      <td>0.0</td>\n",
       "      <td>0</td>\n",
       "      <td>1</td>\n",
       "      <td>2015-08-31</td>\n",
       "      <td>40</td>\n",
       "    </tr>\n",
       "    <tr>\n",
       "      <th>3</th>\n",
       "      <td>5.0</td>\n",
       "      <td>0.0</td>\n",
       "      <td>0.0</td>\n",
       "      <td>0</td>\n",
       "      <td>1</td>\n",
       "      <td>2015-08-31</td>\n",
       "      <td>12</td>\n",
       "    </tr>\n",
       "    <tr>\n",
       "      <th>4</th>\n",
       "      <td>2.0</td>\n",
       "      <td>0.0</td>\n",
       "      <td>1.0</td>\n",
       "      <td>0</td>\n",
       "      <td>1</td>\n",
       "      <td>2015-08-31</td>\n",
       "      <td>40</td>\n",
       "    </tr>\n",
       "  </tbody>\n",
       "</table>\n",
       "</div>"
      ],
      "text/plain": [
       "   star_rating  helpful_votes  total_votes  vine  verified_purchase  \\\n",
       "0          4.0            3.0          4.0     0                  1   \n",
       "1          5.0            0.0          0.0     0                  1   \n",
       "2          3.0            0.0          0.0     0                  1   \n",
       "3          5.0            0.0          0.0     0                  1   \n",
       "4          2.0            0.0          1.0     0                  1   \n",
       "\n",
       "  review_date  review_word_count  \n",
       "0  2015-08-31                 64  \n",
       "1  2015-08-31                  3  \n",
       "2  2015-08-31                 40  \n",
       "3  2015-08-31                 12  \n",
       "4  2015-08-31                 40  "
      ]
     },
     "execution_count": 2,
     "metadata": {},
     "output_type": "execute_result"
    }
   ],
   "source": [
    "regression_df.head()"
   ]
  },
  {
   "cell_type": "code",
   "execution_count": 3,
   "metadata": {},
   "outputs": [],
   "source": [
    "for i in range (len(regression_df)):\n",
    "    date = regression_df.loc[i, 'review_date']\n",
    "    if (len(str(date)) == 10):\n",
    "        age = (2015 - int(date[0:4]))*365 + (8 - int(date[5:7]))*30.41\n",
    "        regression_df.loc[i, 'days_old'] = age\n",
    "\n",
    "regression_df.dropna(inplace = True)"
   ]
  },
  {
   "cell_type": "code",
   "execution_count": 4,
   "metadata": {},
   "outputs": [],
   "source": [
    "regression_df.drop('review_date', axis = 1, inplace = True)"
   ]
  },
  {
   "cell_type": "code",
   "execution_count": 5,
   "metadata": {},
   "outputs": [],
   "source": [
    "regression_df['helpfulness'] = 2*regression_df['helpful_votes']- regression_df['total_votes']"
   ]
  },
  {
   "cell_type": "code",
   "execution_count": null,
   "metadata": {},
   "outputs": [],
   "source": [
    "regression_df = regression_df[regression_df[total_votes] != 0]"
   ]
  },
  {
   "cell_type": "code",
   "execution_count": null,
   "metadata": {},
   "outputs": [
    {
     "data": {
      "text/html": [
       "<div>\n",
       "<style scoped>\n",
       "    .dataframe tbody tr th:only-of-type {\n",
       "        vertical-align: middle;\n",
       "    }\n",
       "\n",
       "    .dataframe tbody tr th {\n",
       "        vertical-align: top;\n",
       "    }\n",
       "\n",
       "    .dataframe thead th {\n",
       "        text-align: right;\n",
       "    }\n",
       "</style>\n",
       "<table border=\"1\" class=\"dataframe\">\n",
       "  <thead>\n",
       "    <tr style=\"text-align: right;\">\n",
       "      <th></th>\n",
       "      <th>star_rating</th>\n",
       "      <th>helpful_votes</th>\n",
       "      <th>total_votes</th>\n",
       "      <th>vine</th>\n",
       "      <th>verified_purchase</th>\n",
       "      <th>review_word_count</th>\n",
       "      <th>days_old</th>\n",
       "      <th>helpfulness</th>\n",
       "    </tr>\n",
       "  </thead>\n",
       "  <tbody>\n",
       "    <tr>\n",
       "      <th>star_rating</th>\n",
       "      <td>1.000000</td>\n",
       "      <td>-0.047462</td>\n",
       "      <td>-0.070893</td>\n",
       "      <td>-0.037085</td>\n",
       "      <td>0.138136</td>\n",
       "      <td>-0.123895</td>\n",
       "      <td>-0.065620</td>\n",
       "      <td>-0.018880</td>\n",
       "    </tr>\n",
       "    <tr>\n",
       "      <th>helpful_votes</th>\n",
       "      <td>-0.047462</td>\n",
       "      <td>1.000000</td>\n",
       "      <td>0.990833</td>\n",
       "      <td>0.074666</td>\n",
       "      <td>-0.088067</td>\n",
       "      <td>0.221550</td>\n",
       "      <td>0.102613</td>\n",
       "      <td>0.987377</td>\n",
       "    </tr>\n",
       "    <tr>\n",
       "      <th>total_votes</th>\n",
       "      <td>-0.070893</td>\n",
       "      <td>0.990833</td>\n",
       "      <td>1.000000</td>\n",
       "      <td>0.080520</td>\n",
       "      <td>-0.097580</td>\n",
       "      <td>0.227422</td>\n",
       "      <td>0.113270</td>\n",
       "      <td>0.956929</td>\n",
       "    </tr>\n",
       "    <tr>\n",
       "      <th>vine</th>\n",
       "      <td>-0.037085</td>\n",
       "      <td>0.074666</td>\n",
       "      <td>0.080520</td>\n",
       "      <td>1.000000</td>\n",
       "      <td>-0.642150</td>\n",
       "      <td>0.468090</td>\n",
       "      <td>0.260006</td>\n",
       "      <td>0.066057</td>\n",
       "    </tr>\n",
       "    <tr>\n",
       "      <th>verified_purchase</th>\n",
       "      <td>0.138136</td>\n",
       "      <td>-0.088067</td>\n",
       "      <td>-0.097580</td>\n",
       "      <td>-0.642150</td>\n",
       "      <td>1.000000</td>\n",
       "      <td>-0.480968</td>\n",
       "      <td>-0.271383</td>\n",
       "      <td>-0.074856</td>\n",
       "    </tr>\n",
       "    <tr>\n",
       "      <th>review_word_count</th>\n",
       "      <td>-0.123895</td>\n",
       "      <td>0.221550</td>\n",
       "      <td>0.227422</td>\n",
       "      <td>0.468090</td>\n",
       "      <td>-0.480968</td>\n",
       "      <td>1.000000</td>\n",
       "      <td>0.274450</td>\n",
       "      <td>0.209487</td>\n",
       "    </tr>\n",
       "    <tr>\n",
       "      <th>days_old</th>\n",
       "      <td>-0.065620</td>\n",
       "      <td>0.102613</td>\n",
       "      <td>0.113270</td>\n",
       "      <td>0.260006</td>\n",
       "      <td>-0.271383</td>\n",
       "      <td>0.274450</td>\n",
       "      <td>1.000000</td>\n",
       "      <td>0.087721</td>\n",
       "    </tr>\n",
       "    <tr>\n",
       "      <th>helpfulness</th>\n",
       "      <td>-0.018880</td>\n",
       "      <td>0.987377</td>\n",
       "      <td>0.956929</td>\n",
       "      <td>0.066057</td>\n",
       "      <td>-0.074856</td>\n",
       "      <td>0.209487</td>\n",
       "      <td>0.087721</td>\n",
       "      <td>1.000000</td>\n",
       "    </tr>\n",
       "  </tbody>\n",
       "</table>\n",
       "</div>"
      ],
      "text/plain": [
       "                   star_rating  helpful_votes  total_votes      vine  \\\n",
       "star_rating           1.000000      -0.047462    -0.070893 -0.037085   \n",
       "helpful_votes        -0.047462       1.000000     0.990833  0.074666   \n",
       "total_votes          -0.070893       0.990833     1.000000  0.080520   \n",
       "vine                 -0.037085       0.074666     0.080520  1.000000   \n",
       "verified_purchase     0.138136      -0.088067    -0.097580 -0.642150   \n",
       "review_word_count    -0.123895       0.221550     0.227422  0.468090   \n",
       "days_old             -0.065620       0.102613     0.113270  0.260006   \n",
       "helpfulness          -0.018880       0.987377     0.956929  0.066057   \n",
       "\n",
       "                   verified_purchase  review_word_count  days_old  helpfulness  \n",
       "star_rating                 0.138136          -0.123895 -0.065620    -0.018880  \n",
       "helpful_votes              -0.088067           0.221550  0.102613     0.987377  \n",
       "total_votes                -0.097580           0.227422  0.113270     0.956929  \n",
       "vine                       -0.642150           0.468090  0.260006     0.066057  \n",
       "verified_purchase           1.000000          -0.480968 -0.271383    -0.074856  \n",
       "review_word_count          -0.480968           1.000000  0.274450     0.209487  \n",
       "days_old                   -0.271383           0.274450  1.000000     0.087721  \n",
       "helpfulness                -0.074856           0.209487  0.087721     1.000000  "
      ]
     },
     "execution_count": 6,
     "metadata": {},
     "output_type": "execute_result"
    }
   ],
   "source": [
    "regression_df.corr()"
   ]
  },
  {
   "cell_type": "code",
   "execution_count": null,
   "metadata": {},
   "outputs": [
    {
     "data": {
      "text/plain": [
       "<seaborn.axisgrid.PairGrid at 0x10abe6128>"
      ]
     },
     "execution_count": 7,
     "metadata": {},
     "output_type": "execute_result"
    }
   ],
   "source": [
    "sns.pairplot(regression_df)"
   ]
  },
  {
   "cell_type": "code",
   "execution_count": 11,
   "metadata": {},
   "outputs": [
    {
     "data": {
      "text/html": [
       "<div>\n",
       "<style scoped>\n",
       "    .dataframe tbody tr th:only-of-type {\n",
       "        vertical-align: middle;\n",
       "    }\n",
       "\n",
       "    .dataframe tbody tr th {\n",
       "        vertical-align: top;\n",
       "    }\n",
       "\n",
       "    .dataframe thead th {\n",
       "        text-align: right;\n",
       "    }\n",
       "</style>\n",
       "<table border=\"1\" class=\"dataframe\">\n",
       "  <thead>\n",
       "    <tr style=\"text-align: right;\">\n",
       "      <th></th>\n",
       "      <th>star_rating</th>\n",
       "      <th>helpful_ratio</th>\n",
       "      <th>vine</th>\n",
       "      <th>verified_purchase</th>\n",
       "      <th>review_word_count</th>\n",
       "      <th>days_old</th>\n",
       "    </tr>\n",
       "  </thead>\n",
       "  <tbody>\n",
       "    <tr>\n",
       "      <th>star_rating</th>\n",
       "      <td>1.000000</td>\n",
       "      <td>0.086640</td>\n",
       "      <td>0.118919</td>\n",
       "      <td>0.012409</td>\n",
       "      <td>0.013503</td>\n",
       "      <td>0.020450</td>\n",
       "    </tr>\n",
       "    <tr>\n",
       "      <th>helpful_ratio</th>\n",
       "      <td>0.086640</td>\n",
       "      <td>1.000000</td>\n",
       "      <td>0.000656</td>\n",
       "      <td>-0.043024</td>\n",
       "      <td>0.120351</td>\n",
       "      <td>0.064251</td>\n",
       "    </tr>\n",
       "    <tr>\n",
       "      <th>vine</th>\n",
       "      <td>0.118919</td>\n",
       "      <td>0.000656</td>\n",
       "      <td>1.000000</td>\n",
       "      <td>-0.662279</td>\n",
       "      <td>0.390415</td>\n",
       "      <td>0.188008</td>\n",
       "    </tr>\n",
       "    <tr>\n",
       "      <th>verified_purchase</th>\n",
       "      <td>0.012409</td>\n",
       "      <td>-0.043024</td>\n",
       "      <td>-0.662279</td>\n",
       "      <td>1.000000</td>\n",
       "      <td>-0.408424</td>\n",
       "      <td>-0.241250</td>\n",
       "    </tr>\n",
       "    <tr>\n",
       "      <th>review_word_count</th>\n",
       "      <td>0.013503</td>\n",
       "      <td>0.120351</td>\n",
       "      <td>0.390415</td>\n",
       "      <td>-0.408424</td>\n",
       "      <td>1.000000</td>\n",
       "      <td>0.177063</td>\n",
       "    </tr>\n",
       "    <tr>\n",
       "      <th>days_old</th>\n",
       "      <td>0.020450</td>\n",
       "      <td>0.064251</td>\n",
       "      <td>0.188008</td>\n",
       "      <td>-0.241250</td>\n",
       "      <td>0.177063</td>\n",
       "      <td>1.000000</td>\n",
       "    </tr>\n",
       "  </tbody>\n",
       "</table>\n",
       "</div>"
      ],
      "text/plain": [
       "                   star_rating  helpful_ratio      vine  verified_purchase  \\\n",
       "star_rating           1.000000       0.086640  0.118919           0.012409   \n",
       "helpful_ratio         0.086640       1.000000  0.000656          -0.043024   \n",
       "vine                  0.118919       0.000656  1.000000          -0.662279   \n",
       "verified_purchase     0.012409      -0.043024 -0.662279           1.000000   \n",
       "review_word_count     0.013503       0.120351  0.390415          -0.408424   \n",
       "days_old              0.020450       0.064251  0.188008          -0.241250   \n",
       "\n",
       "                   review_word_count  days_old  \n",
       "star_rating                 0.013503  0.020450  \n",
       "helpful_ratio               0.120351  0.064251  \n",
       "vine                        0.390415  0.188008  \n",
       "verified_purchase          -0.408424 -0.241250  \n",
       "review_word_count           1.000000  0.177063  \n",
       "days_old                    0.177063  1.000000  "
      ]
     },
     "execution_count": 11,
     "metadata": {},
     "output_type": "execute_result"
    }
   ],
   "source": [
    "regression_df.corr()"
   ]
  },
  {
   "cell_type": "code",
   "execution_count": null,
   "metadata": {},
   "outputs": [],
   "source": []
  }
 ],
 "metadata": {
  "kernelspec": {
   "display_name": "Python 3",
   "language": "python",
   "name": "python3"
  },
  "language_info": {
   "codemirror_mode": {
    "name": "ipython",
    "version": 3
   },
   "file_extension": ".py",
   "mimetype": "text/x-python",
   "name": "python",
   "nbconvert_exporter": "python",
   "pygments_lexer": "ipython3",
   "version": "3.6.6"
  }
 },
 "nbformat": 4,
 "nbformat_minor": 2
}
